1 0.425000 0.104167 0.022222 0.033333
1 0.331944 0.037500 0.025000 0.033333
1 0.200000 0.479167 0.033333 0.050000
1 0.333333 0.618750 0.027778 0.037500
1 0.455556 0.600000 0.044444 0.058333
1 0.480556 0.660417 0.033333 0.037500
1 0.448611 0.706250 0.030556 0.037500
1 0.525000 0.843750 0.027778 0.045833
1 0.216667 0.970833 0.033333 0.041667
1 0.555556 0.312500 0.016667 0.025000
1 0.452778 0.500000 0.016667 0.025000
1 0.188889 0.120833 0.027778 0.075000
1 0.363889 0.869792 0.038889 0.043750
1 0.513194 0.941667 0.031944 0.045833
